<?xml version="1.0"?>
<opencv_storage>
<kinect_R type_id="opencv-matrix">
  <rows>3</rows>
  <cols>3</cols>
  <dt>f</dt>
  <data>
    0.99999845 9.63805651e-04 -1.48875453e-03 -9.64035571e-04 0.99999952
    -1.53721863e-04 1.48860563e-03 1.55156828e-04 0.99999887</data></kinect_R>
</opencv_storage>
